Sent after pairing:

[16, 1, 5, 13, 18, 127, 0, 0, 0, 1, 0] : UNKNOWN
[16, 1, 5, 13, 18, 127, 1, 0, 4, 0, 124] : UNKNOWN
[16, 1, 5, 13, 18, 127, 0, 0, 3, 0, 126] : UNKNOWN

Sent after manually changing preset to 2A:

[16, 1, 5, 13, 18, 127, 0, 1, 0, 0, 3, 125] : Preset selected (2A) - start?
[16, 1, 5, 13, 18, 32, 0, 0, 0, 0, 0, 0, 0, 77, 79, 68, 69, 82, 78, 32, 66, 82, 79, 87, 78, 32, 32, 32, 32, 115] : Preset name (MODERN BROWN    )
[16, 1, 5, 13, 18, 32, 0, 16, 0, 2, 2, 0, 76] : SIGNAL CHAIN, CABINET RESONANCE, LAST BYTE UNUSED
[16, 1, 5, 13, 18, 32, 0, 32, 0, 100, 100, 0, 70, 61, 49, 50, 11, 50, 16, 60, 0, 4, 0, 5] : PREAMP
[16, 1, 5, 13, 18, 32, 0, 48, 0, 0, 0, 0, 0, 0, 1, 0, 47] : EFFECTS ON/OFF (BOOSTER, MOD, FX, DELAY1, DELAY2, REVERB, BASS)
[16, 1, 5, 13, 18, 32, 0, 64, 0, 9, 50, 60, 50, 0, 50, 40, 0, 29] : BOOSTER (everything)
[16, 1, 5, 13, 18, 32, 0, 80, 0, 0, 0, 50, 50, 50, 100, 0, 30, 0, 11, 10, 30, 69] : BASS (everything)
[16, 1, 5, 13, 18, 32, 0, 96, 0, 0, 0] : MOD (type only)
[16, 1, 5, 13, 18, 32, 0, 112, 0, 0, 112] : FX (type only)
[16, 1, 5, 13, 18, 32, 1, 0, 0, 4, 43, 46, 3, 75, 33, 48, 3, 65, 80, 31, 40, 82, 50, 0, 60, 0, 0, 70, 40, 55, 0, 0, 100, 0, 70, 60, 100, 70, 85, 65, 50, 80, 45, 50, 85, 60, 50, 0, 50, 100, 100, 45, 50, 60, 0, 50, 50, 50, 0, 0, 50, 50, 50, 50, 0, 0, 30, 11, 10, 30, 1, 1, 50, 35, 35, 0, 50, 1, 35, 50, 50, 60, 0, 50, 20, 20, 20, 20, 20, 20, 20, 20, 20, 20, 20, 0, 20, 13, 1, 20, 23, 1, 20, 20, 14, 20, 0, 50, 50, 50, 50, 50, 50, 50, 50, 1, 50, 50, 16, 50, 50, 50, 0, 40, 30, 40, 50, 50, 25, 0, 0, 62, 100, 50, 0, 100, 0, 1, 24, 50, 0, 0, 0, 0, 70, 1, 24, 50, 0, 0, 0, 0, 70, 0, 100, 1, 12, 0, 0, 0, 0, 70, 7, 0, 0, 0, 0, 80, 0, 100, 24, 24, 24, 24, 24, 24, 24, 24, 24, 24, 24, 24, 24, 24, 24, 24, 24, 24, 24, 24, 24, 24, 24, 24, 1, 0, 2, 50, 80, 100, 50, 100, 1, 50, 45, 50, 50, 80, 0, 50, 50, 0, 1, 9, 0, 50, 100, 50, 0, 50, 50, 3, 50, 8, 0, 50, 50, 50, 50, 50, 70, 0, 50, 50, 50, 100, 50, 0, 100, 1, 1, 50, 35, 35, 0, 50, 0, 40, 30, 40, 50, 50, 53] : MOD (all effects)
[16, 1, 5, 13, 18, 32, 1, 1, 115, 25, 0, 82] : MOD BASS: Wave-Synth Synth Level and Direct Mix
[16, 1, 5, 13, 18, 32, 1, 16, 0, 4, 43, 46, 3, 75, 33, 48, 3, 65, 80, 31, 40, 82, 50, 0, 60, 0, 0, 70, 40, 55, 0, 0, 100, 0, 70, 60, 100, 70, 85, 65, 50, 80, 45, 50, 85, 60, 50, 0, 50, 100, 100, 45, 50, 60, 0, 50, 50, 50, 0, 0, 50, 50, 50, 50, 0, 0, 30, 11, 10, 30, 1, 1, 50, 35, 35, 0, 50, 1, 35, 50, 50, 60, 0, 50, 20, 20, 20, 20, 20, 20, 20, 20, 20, 20, 20, 0, 20, 13, 1, 20, 23, 1, 20, 20, 14, 20, 0, 50, 50, 50, 50, 50, 50, 50, 50, 1, 50, 50, 16, 50, 50, 50, 0, 40, 30, 40, 50, 50, 25, 0, 0, 62, 100, 50, 0, 100, 0, 1, 24, 50, 0, 0, 0, 0, 70, 1, 24, 50, 0, 0, 0, 0, 70, 0, 100, 1, 12, 0, 0, 0, 0, 70, 7, 0, 0, 0, 0, 80, 0, 100, 24, 24, 24, 24, 24, 24, 24, 24, 24, 24, 24, 24, 24, 24, 24, 24, 24, 24, 24, 24, 24, 24, 24, 24, 1, 0, 2, 50, 80, 100, 50, 100, 1, 50, 45, 50, 50, 80, 0, 50, 50, 0, 1, 9, 0, 50, 100, 50, 0, 50, 50, 3, 50, 8, 0, 50, 50, 50, 50, 50, 70, 0, 50, 50, 50, 100, 50, 0, 100, 1, 1, 50, 35, 35, 0, 50, 0, 40, 30, 40, 50, 50, 37] : FX (all effects)
[16, 1, 5, 13, 18, 32, 1, 17, 115, 25, 0, 66] : FX BASS: Wave-Synth Synth Level and Direct Mix
[16, 1, 5, 13, 18, 32, 1, 32, 0, 0, 0, 1, 9, 0, 22, 14, 50, 100, 50, 40, 55, 0, 0, 0, 0, 0, 106] : DELAY1
[16, 1, 5, 13, 18, 32, 1, 48, 0, 0, 0, 1, 9, 0, 22, 14, 50, 100, 50, 40, 55, 0, 0, 0, 0, 0, 90] : DELAY2
[16, 1, 5, 13, 18, 32, 1, 64, 0, 0, 1, 24, 0, 0, 2, 13, 10, 8, 10, 40, 100, 100, 107] : REVERB
[16, 1, 5, 13, 18, 32, 1, 80, 0, 0, 50, 93] : SOLO (Switch, level)
[16, 1, 5, 13, 18, 32, 1, 96, 0, 0, 0, 0, 24, 13, 1, 24, 24, 14, 24, 3] : SOLO
[16, 1, 5, 13, 18, 32, 1, 112, 0, 0, 0, 0, 1, 9, 0, 22, 50, 100, 0, 14, 0, 40, 55, 76] : SOLO_DELAY
[16, 1, 5, 13, 18, 32, 2, 0, 0, 0, 94] : CONTOUR (on and select)
[16, 1, 5, 13, 18, 32, 2, 16, 0, 0, 50, 28] : CONTOUR1
[16, 1, 5, 13, 18, 32, 2, 32, 0, 0, 50, 12] : CONTOUR2
[16, 1, 5, 13, 18, 32, 2, 48, 0, 0, 50, 124] : CONTOUR3
[16, 1, 5, 13, 18, 32, 2, 64, 0, 0, 0, 0, 0, 3, 15, 15, 125] : Signal Chain Pedal FX (Pedal FX Off/On, Pedal FX Type, FV: Foot Volume Level, unknown extra parameters)
[16, 1, 5, 13, 18, 32, 2, 80, 0, 0, 100, 0, 100, 100, 0, 36, 50, 100, 0, 100, 0, 100, 100, 0, 124] : PFX WAH: Type
[16, 1, 5, 13, 18, 32, 2, 96, 0, 0, 1, 0, 125] : EQ1 (signal chain position, on/off, selection)
[16, 1, 5, 13, 18, 32, 2, 112, 0, 1, 1, 1, 107] : EQ2 (signal chain position, on/off, selection)
[16, 1, 5, 13, 18, 32, 3, 0, 0, 7, 14, 13, 1, 20, 23, 1, 20, 10, 12, 19, 81] : PEQ1
[16, 1, 5, 13, 18, 32, 3, 16, 0, 0, 20, 13, 1, 20, 23, 1, 20, 20, 14, 20, 53] : PEQ2
[16, 1, 5, 13, 18, 32, 3, 32, 0, 24, 24, 24, 24, 24, 24, 24, 24, 24, 24, 24, 53] : GEQ1
[16, 1, 5, 13, 18, 32, 3, 48, 0, 17, 21, 24, 21, 20, 22, 24, 25, 21, 10, 20, 76] : GEQ2
[16, 1, 5, 13, 18, 32, 3, 64, 0, 1, 30, 50, 76] : NS
[16, 1, 5, 13, 18, 32, 3, 80, 0, 0, 0, 0, 50, 50, 41] : SENDRETURN
[16, 1, 5, 13, 18, 0, 0, 0, 0, 3, 125] : Preset message finished?
